雁荡山,中文名称,雁荡山
雁荡山,拼音,yandangshan
雁荡山,所属地区,中国东南温州市境和台州市南部
雁荡山,总面积,450平方公里
雁荡山,主要景点,500 多个
雁荡山,特点,芦苇茂密，结草为荡
神农架,中文名称,神农架
神农架,外文名称,Shennongjia
神农架,别名,华中屋脊
神农架,行政区类别,林区，副地级
神农架,所属地区,中国华中
神农架,下辖地区,松柏镇，木鱼镇，宋洛乡
神农架,政府驻地,松柏镇常青路18号
神农架,电话区号,719
神农架,邮政区码,442400
神农架,地理位置,湖北西部
神农架,面积,3253平方公里
神农架,人口,80321（2009年）
神农架,方言,西南官话-鄂北片、荆宜片
神农架,气候条件,亚热带季风气候
神农架,著名景点,神农顶，天燕原始生态旅游区，红坪，燕子垭
神农架,机场,神农架机场（规划）
神农架,火车站,神农架站（规划）
神农架,车牌代码,鄂
神农架,区长,周森锋
灵山大佛,中文名称,灵山大佛
灵山大佛,别名,小灵山
灵山大佛,所属地区,江苏无锡
灵山大佛,地理位置,江苏省无锡市滨湖区马山灵山路
灵山大佛,面积,30公顷
灵山大佛,高,88m
灵山大佛,佛体,79m
灵山大佛,莲花瓣,9m
灵山大佛,景区等级,5A级景区
青海湖,中文名称,青海湖
青海湖,外文名称,Qinghai Lake
青海湖,所属地区,中国青海
青海湖,地理位置,刚察县、共和县及海晏县交汇处
青海湖,面积,4583平方公里
青海湖,藏语 ,mtsho-sngon
青海湖,蒙古语,K&amp;amp;ouml;ke Naγur
青海湖,西班牙语,Lago Qinghai
黄鹤楼,中文名称,黄鹤楼
黄鹤楼,外文名称,Yellow Crane Tower
黄鹤楼,类别,古楼
黄鹤楼,地点,湖北武汉蛇山
黄鹤楼,竣工时间,始建于三国时期，1981年重建
黄鹤楼,开放时间,1985年6月重建开放
黄鹤楼,誉称,“天下江山第一楼”
华山,中文名称,华山
华山,外文名称,Mount Hua
华山,地理位置,陕西省渭南华阴市
华山,著名景点,长空栈道，苍龙岭，华山峪
华山,类别,国家级风景名胜区
长城,终点,嘉峪关
九寨沟,中文名称,九寨沟
九寨沟,外文名称,Jiuzhaigou
九寨沟,电话区号,837
九寨沟,面积,62k㎡
九寨沟,著名景点,日则沟、宝镜岩、盆景滩、芦苇海
九寨沟,车牌代码,川U
九寨沟,级别,国家AAAAA级旅游景区
九寨沟,特点,翠海、叠海、彩林、雪山、藏情
都江堰,中文名称,都江堰
都江堰,外文名称,Dujiang yan
都江堰,所属地区,四川省成都市都江堰市灌口镇
都江堰,建造人物,李冰父子
都江堰,建造时间,公元前256年
黄山,中文名称,黄山
黄山,所属地区,安徽省南部黄山市，中国华东
黄山,电话区号,559
黄山,邮政编码,242700
黄山,车牌代码,皖J
黄山,景区四绝,奇松，怪石，云海，温泉
黄山,中文名称,黄山
黄山,外文名称,Huangshan
黄山,别名,徽州
黄山,行政区类别,地级市
黄山,所属地区,中国华东，安徽省境内
黄山,下辖地区,3个市辖区、4个县和黄山风景区
黄山,政府驻地,屯溪区天都大道
黄山,邮政区码,245000
黄山,地理位置,安徽省南部，新安江上游
黄山,面积,9807平方千米
黄山,人口,135
黄山,方言,徽语，又称“徽州话”
黄山,气候条件,温暖湿润、典型的江南气候
黄山,著名景点,黄山，牯牛降，齐云山，徽州古城，屯溪老街，西递宏村古民居
黄山,机场,黄山屯溪机场
黄山,火车站,黄山站
黄山,行政区划代码,341000
黄山,荣誉,中国公众最向往的旅游城市
黄山,友好城市,丽江，张家界，开普敦、因特拉肯
黄山,经纬度,北纬30
黄山,市树市花市鸟,黄山松，黄山杜鹃，红嘴相思鸟
黄山,别名,coser黄山
黄山,国籍,中国
黄山,民族,汉
黄山,职业,RINGDOLL设计总监人型师，妆效师
黄山,信仰,COSPLAY
黄山,主要成就,《画夜》COSPLAY作品
黄山,代表作品,《画夜》
千岛湖,中文名称,千岛湖
千岛湖,别名,新安江水库
千岛湖,所属地区,中国华南
千岛湖,面积,567
千岛湖,岛屿,1078个
千岛湖,水位,108米
崂山,中文名称,崂山
崂山,外文名称,Mount Laoshan
武当山,中文名称,武当山
武当山,外文名称,Wudang Mountains
武当山,别名,太和山、谢罗山、参上山
武当山,所属地区,湖北省西北部
武当山,地理位置,湖北省西北部的十堰市丹江口境内
武当山,面积,312平方千米
武当山,著名景点,太和宫，玄岳门、隐仙岩
武当山,荣誉,全国文明风景名胜区
承德避暑山庄,中文名称,承德避暑山庄
承德避暑山庄,行政区类别,河北省承德市北部
承德避暑山庄,所属地区,承德市
承德避暑山庄,地理位置,河北省承德市北部
承德避暑山庄,著名景点,殊像寺，七十二景，正宫等
承德避暑山庄,建造时间,一七零三年
承德避暑山庄,级别,国家5A级旅游景区
井冈山,中文名称,井冈山
井冈山,外文名称,Jinggangshan
井冈山,地理位置,江西省西南部
井冈山,最高海拔,南风屏海拔2120米
井冈山,主要景点,茨坪、黄洋界、龙潭
黄果树瀑布,中文名称,黄果树瀑布
黄果树瀑布,瀑布类型,侵蚀裂典型瀑布
黄果树瀑布,著名景点,天然盆景区，天星洞，水上石林区
黄果树瀑布,当地特产,蜡染，刺绣，黄果
黄果树瀑布,所属地区,喀斯特地形地区
黄果树瀑布,实际高度,高77
喀纳斯湖,中文名称,喀纳斯湖
喀纳斯湖,所属地区,新疆阿勒泰布尔津县
喀纳斯湖,面积,45
喀纳斯湖,机场,喀纳斯机场
喀纳斯湖,平均水深,120米
喀纳斯湖,蓄水量,53
喀纳斯湖,荣誉,国家5A级旅游景区
庐山,中文名称,庐山国家公园
庐山,外文名称,Mount
庐山,地理位置,江西省九江市
庐山,荣誉,列入《世界遗产名录》
万里长城,终点,嘉峪关
瘦西湖,中文名称,瘦西湖
瘦西湖,所属地区,中国江苏省
瘦西湖,下辖地区,扬州市
瘦西湖,地理位置,江苏省扬州市西北郊
瘦西湖,面积,1
瘦西湖,著名景点,十里瘦西湖
故宫,中文名称,北京故宫博物院
故宫,外文名称,"The Imperial Palace或the Palace Museum, the Forbidden City"
故宫,类别,艺术类博物馆
故宫,地点,北京市东城区景山前街4号
故宫,竣工时间,1420年
故宫,开放时间,旺季8:30-16:10; 淡季8:30-15:40
故宫,馆藏精品,清明上河图，金瓯永固杯，平复帖
故宫,门票价格,旺季60元，淡季40元
故宫,景区等级,AAAAA
故宫,中文名称,南京明故宫遗址公园
故宫,外文名称,Nanjing Ming Palace Ruins Park
故宫,类别,遗址公园
故宫,地点,南京市玄武区中山东路311号
故宫,竣工时间,1395年
故宫,开放时间,全天
大唐芙蓉园,中文名称,大唐芙蓉园
大唐芙蓉园,外文名称,Da Tang Fu Rong Yuan
大唐芙蓉园,其它译名,杨贵妃
大唐芙蓉园,出品时间,2007年
大唐芙蓉园,制片地区,中国
大唐芙蓉园,导演,周晓文
大唐芙蓉园,编剧,江奇涛
大唐芙蓉园,主演,赵文瑄，范冰冰，臧金生，高亚麟
大唐芙蓉园,集数,30集
大唐芙蓉园,类别,历史、古装、宫廷
大唐芙蓉园,上映时间,2007年
大唐芙蓉园,国内播放,CCTV8
大唐芙蓉园,国外播放,日本东京电视台
龙虎山,中文名称,龙虎山
龙虎山,所属地区,中国 江西省
龙虎山,下辖地区,鹰潭市
龙虎山,电话区号,701
龙虎山,邮政区码,335402
龙虎山,地理位置,江西省鹰潭市的龙虎山风景名胜区
龙虎山,面积,220平方公里
龙虎山,人口,120万
龙虎山,著名景点,应天山、象山
岳阳楼,中文名称,岳阳楼
岳阳楼,别名,阅军楼、巴陵城楼
岳阳楼,所属地区,湖南岳阳
岳阳楼,地理位置,巴丘山下
圆明园遗址公园,中文名称,圆明园
圆明园遗址公园,外文名称,The Old Summer Palace
圆明园遗址公园,地点,北京市海淀区西北郊
圆明园遗址公园,竣工时间,1709年
国子监,中文名称,国子监
国子监,外文名称,Imperial Academy
国子监,别名,中央官学
国子监,行政区类别,北京、南京
国子监,所属地区,中国华北、中国华东
国子监,地理位置,北京国子监街、南京成贤街
国子监,著名景点,集贤门，琉璃坊牌坊
国子监,建造时间,公元1306年
五台山,中文名称,五台山
五台山,外文名称,WU TAI  SHAN
五台山,别名,清凉山
五台山,行政区类别,风景区
五台山,所属地区,山西繁峙县，五台县
五台山,电话区号,350
五台山,地理位置,山西省忻州市繁峙县，五台县
五台山,方言,砂河话
五台山,著名景点,岩山寺，大雄宝殿
五台山,机场,五台山机场（在建）
伪满皇宫博物院,中文名称,伪满皇宫博物院
伪满皇宫博物院,外文名称,the Puppet Manchurian Palace
伪满皇宫博物院,类别,历史警示性博物馆
伪满皇宫博物院,地点,长春
清源山,中文名称,清源山
清源山,外文名称,Qingyuan Mountain
清源山,别名,闽海蓬莱第一山
清源山,所属地区,中国 泉州
清源山,面积,山脉绵延20公里
清源山,著名景点,泓一大师舍利塔
西柏坡,中文名称,西柏坡
西柏坡,行政区类别,乡镇
西柏坡,所属地区,河北省石家庄市平山县
西柏坡,地理位置,河北省石家庄市平山县
西柏坡,面积,37845亩
西柏坡,人口,6400
西柏坡,著名景点,西柏坡纪念馆等
十渡,中文名称,十渡
十渡,所属区域,中国北京
十渡,面积,301平方千米
十渡,旅游级别,国家AAA景区
红螺寺,中文名称,红螺寺传奇
红螺寺,其它译名,红螺寺
红螺寺,出品时间,1999年
红螺寺,制片地区,中国大陆
红螺寺,导演,郑泉宝
红螺寺,主演,李丁，周绍栋，阮巡
红螺寺,集数,20集
红螺寺,类别,剧情
红螺寺,上映时间,1999年
北海公园,中文名称,北海公园
北海公园,外文名称,Beihai Park
北海公园,地址,北京市中心区
北海公园,著名景点,琼华岛，永安寺，北海白塔等
北海公园,景区等级,国家AAAA级
乌镇,中文名称,乌镇
乌镇,外文名称,Wu zhen ancient town
乌镇,别名,乌墩、青墩
乌镇,行政区类别,镇
乌镇,所属地区,中国华东，浙江省北部
乌镇,政府驻地,乌镇镇凤仙路18号
乌镇,电话区号,573
乌镇,邮政区码,314501
乌镇,地理位置,江南水乡，太湖南岸
乌镇,面积,71
乌镇,人口,5
乌镇,方言,吴语（太湖片）
乌镇,气候条件,亚热带季风气候
乌镇,著名景点,西栅，江浙分府，江南民俗馆，茅盾故居，古戏台，江南百床馆等
乌镇,车牌代码,浙F
乌镇,开放时间,1991年
乌镇,特产,蓝印花布，姑嫂饼，臭豆干、蚕茧
乌镇,经纬度,"东经120°54′,北纬30°64′"
乌镇,类别,古镇村落
鹿鼎记,导演,华山
神雕侠侣,导演,华山
任丘,著名景点,白洋淀
清明上河园,中文名称,清明上河园
清明上河园,面积,510亩
清明上河园,地理位置,河南省开封城西北隅
清明上河园,所属地区,中国河南
清明上河园,主要景点,拂云阁、宣德、宣和殿
丽江古城,中文名称,丽江古城
丽江古城,外文名称,The Old Town of Lijiang
丽江古城,别名,大研古城
丽江古城,电话区号,888
丽江古城,邮政区码,674100
丽江古城,地理位置,云南省
丽江古城,著名景点,古城大水车，万古楼
丽江古城,机场,丽江机场
丽江古城,火车站,丽江火车站
北海,中文名称,北海公园
东方明珠广播电视塔,中文名称,东方明珠广播电视塔
东方明珠广播电视塔,外文名称,The Oriental Pearl TV Tower Of Shanghai
东方明珠广播电视塔,所属地区,中国上海
东方明珠广播电视塔,下辖地区,上海黄浦江畔、陆家嘴金融贸易区
东方明珠广播电视塔,面积,1500平方米
东方明珠广播电视塔,著名景点,旋转餐厅、电视塔入口、东方明珠游船码头东方明珠科幻城
东方明珠广播电视塔,名人,设计师江欢成
欢乐谷,中文名称,北京欢乐谷
嘉峪关,中文名称,嘉峪关
嘉峪关,所属地区,甘肃嘉峪关市向西5公里
嘉峪关,建造时间,明洪武五年（公元1372年）
嘉峪关,别名,天下第一雄关
嘉峪关,中文名称,嘉峪关市
嘉峪关,外文名称,Jiayuguan City
嘉峪关,行政区类别,地级市
嘉峪关,所属地区,中国西北
嘉峪关,下辖地区,峪泉镇、文殊镇、新城镇
嘉峪关,电话区号,937
嘉峪关,邮政区码,735100
嘉峪关,地理位置,甘肃西北，河西走廊中部
嘉峪关,面积,2935平方千米
嘉峪关,人口,23万（2010年）
嘉峪关,方言,酒泉话、东北方言
嘉峪关,气候条件,温带大陆性荒漠气候
嘉峪关,著名景点,嘉峪关、七一冰川、西部明珠气象塔等
嘉峪关,机场,嘉峪关机场
嘉峪关,火车站,嘉峪关站
嘉峪关,车牌代码,甘B
嘉峪关,行政区划代码,620200
皇城相府,中文名称,皇城相府
皇城相府,别名,午亭山村
皇城相府,行政区类别,山西省东南部
皇城相府,所属地区,中国西北
皇城相府,地理位置,晋城市北留镇境内
皇城相府,面积,3
皇城相府,气候条件,半干旱大陆性季风气候
皇城相府,著名景点,斗筑居，中道庄
皇城相府,级别,国家AAAAA级景区
皇城相府,开放时间,2011年2月22日
苏州园林,中文名称,苏州园林
苏州园林,外文名称,Suzhou Gardens
苏州园林,园林性质,以私家园林为主
苏州园林,园林名录,沧浪亭、狮子林、拙政园、留园等
苏州园林,景区等级,国家5A级旅游景区
苏州园林,荣誉,世界文化遗产，中国十大名胜之一
苏州园林,起始时间,春秋时期吴国（公元前514年）
上海科技馆,中文名称,上海科技馆
上海科技馆,类别,科普教育和休闲旅游
上海科技馆,地点,上海市浦东新区世纪大道2000号
上海科技馆,开放时间,9:00～17:00
上海科技馆,售票时间,9:00～15:30
上海科技馆,藏品,约25万件
上海科技馆,建筑面积,9
上海科技馆,休馆时间,周一（国定假日除外）
武夷山,中文名称,武夷山
武夷山,外文名称,Mount Wuyi
武夷山,所属地区,福建西北部、江西东部
武夷山,总面积,999
武夷山,主峰,黄岗山海拔2158米，是东南最高峰
武夷山,类别,世界自然与文化遗产
刘公岛,中文名称,刘公岛
刘公岛,地理位置,威海
刘公岛,面积,3
刘公岛,海岸线,14
云台山,中文名称,施秉云台山
云台山,地理位置,贵州省施秉县城关镇、白垛乡
云台山,主峰,团仑岩
云台山,海拔,1066米
云台山,景区等级,3A级
蓬莱阁,中文名称,蓬莱阁
蓬莱阁,别名,人间仙境
蓬莱阁,所属地区,中国山东烟台蓬莱市
蓬莱阁,地理位置,蓬莱市区西北的丹崖山上
蓬莱阁,面积,32800平方米
蓬莱阁,建造时间,1061年
蓬莱阁,保护级别,全国重点文物保护单位
三清山,中文名称,三清山国家公园
三清山,外文名称,Mount Sanqingshan National Park
三清山,地理位置,江西省玉山县与德兴市交界处
三清山,荣誉,2008年列入《世界自然遗产》名录
三清山,等级,国家AAAAA级
三清山,海拔高度,1819
三清山,主要景点,司春女神、巨蟒出山、观音听琵琶
普陀山,中文名称,普陀山
普陀山,所属地区,浙江省
普陀山,地理位置,舟山群岛
普陀山,面积,13平方公里
普陀山,景区等级,国家5A级旅游风景区
雁栖湖,中文名称,雁栖湖
雁栖湖,地址,北京郊区怀柔城北的燕山脚下
雁栖湖,级别,国家AAAA级风景区
雁栖湖,气候条件,年平均气温11
雁栖湖,植被覆盖率,植被覆盖率90%
八大处公园,中文名称,八大处公园
八大处公园,主要景点,灵光寺、长安寺等八座古刹
八大处公园,建造时间,隋末唐初
八大处公园,所属地区,北京市西郊西山风景区南麓
八大处公园,旅游级别,国家AAAA级旅游区
司马台长城,中文名称,司马台长城
司马台长城,地理位置,古北口镇司马台村北
司马台长城,特点,险、密、奇、巧、全
司马台长城,全长,5
北京动物园,中文名称,北京动物园
北京动物园,外文名称,Beijing Zoo
北京动物园,类别,动物园
北京动物园,地点,北京市西城区西直门外大街137号
北京动物园,竣工时间,1906年
北京动物园,馆藏精品,大量难得一见的国内外珍稀动物
北京动物园,占地面积,86公顷
北京动物园,动物种类,450余种，海洋馆500余种
北京动物园,体制,事业
北京动物园,规模,中国第一大动物园
北京植物园,中文名称,北京植物园
北京植物园,外文名称,Beijing Botanical Garden
北京植物园,类别,自然展览馆
北京植物园,地点,北京市海淀区
北京植物园,竣工时间,1956年
北京植物园,开放时间,夏：6:00 -- 20:00 冬：7:30 -- 17:00
北京植物园,面积,400公顷
北京植物园,展示植物,10000余种（含品种）150余万株
北京植物园,植物展览区,观赏植物区、树木园和温室区
北京植物园,名胜古迹,卧佛寺、樱桃沟、曹雪芹纪念馆等
北京植物园,级别,AAAA 级旅游景区
涞水县,著名景点,野三坡
明城墙遗址公园,中文名称,明城墙遗址公园
明城墙遗址公园,全长,40公里
明城墙遗址公园,建造时间,明永乐17年
明城墙遗址公园,占地面积,3
明城墙遗址公园,名誉,全国重点文物保护单位
鼓浪屿,中文名称,鼓浪屿
鼓浪屿,外文名称,Kulangsu
鼓浪屿,景区等级,AAAAA
鼓浪屿,门票价格,免费
鼓浪屿,开放时间,全天开放
鼓浪屿,地址,福建省厦门岛西南隅
鼓浪屿,主要景点,日光岩、菽庄花园、皓月园等
浮丘山,别名,南山
四大名楼,名楼一,黄鹤楼
四大名楼,名楼二,岳阳楼
四大名楼,名楼四,蓬莱阁
横店影视城,中文名称,横店影视城
横店影视城,所属地区,中国 浙江
横店影视城,下辖地区,浙江东阳市
横店影视城,地理位置,浙江中部东阳市境内
横店影视城,建造时间,1996年
横店影视城,经营理念,影视为表、旅游为里，文化为魂
九华山肉身菩萨,地点,九华山
镜泊湖,中文名称,镜泊湖
镜泊湖,外文名称,Jingpohu
镜泊湖,所属地区,黑龙江省牡丹江市
镜泊湖,地理位置,牡丹江市东南部
镜泊湖,面积,90平方公里
镜泊湖,著名景点,吊水楼瀑布，火山口地下森林，渤海国遗址，珍珠门等
镜泊湖,交通,牡丹江海浪机场
镜泊湖,特产,响水大米（国宴用米）、湖鲫
居庸关长城,中文名称,居庸关长城
居庸关长城,地理位置,昌平县城以北20千米的峡谷中
居庸关长城,距北京市,60千米
居庸关长城,荣誉,国家AAAA级景区
云居寺,中文名称,云居寺
云居寺,所属地区,北京
云居寺,地理位置,北京西南房山区境内
云居寺,面积,70000多平方米
云居寺,建造时间,隋末唐初（公元605—618年）
奉化,中文名称,奉化
奉化,外文名称,FengHua
奉化,行政区类别,市辖县(县级市)
奉化,所属地区,中国东南
奉化,下辖地区,锦屏街道、江口街道、萧王庙街道
奉化,政府驻地,锦屏街道
奉化,电话区号,574
奉化,邮政区码,315500
奉化,地理位置,浙东
奉化,面积,陆地1268平方公里海域96平方公里
奉化,人口,常住人口48
奉化,方言,吴语宁波话
奉化,气候条件,北亚热带季风气候区
奉化,著名景点,蒋氏故居景区、杜鹃谷、千丈岩等
奉化,火车站,奉化火车站
奉化,车牌代码,浙B
奉化,奉化名人,王羲之、蒋介石、蔡启元等
故宫博物院,中文名称,北京故宫博物院
故宫博物院,外文名称,the Palace Museum
故宫博物院,类别,综合性博物馆
故宫博物院,地点,中国北京
故宫博物院,竣工时间,1925年10月10日
故宫博物院,中文名称,台北故宫博物院
故宫博物院,外文名称,Taipei's National Palace Museum
故宫博物院,地点,台湾台北士林区外双溪
故宫博物院,竣工时间,1962年
故宫博物院,馆藏精品,散氏盘、快雪时晴帖等
故宫博物院,藏品数量,60万件
沙坡头,中文名称,沙坡头
沙坡头,所属地区,中国西北宁夏回族自治区
沙坡头,下辖地区,镇罗街道、东园街道、柔远街道
沙坡头,电话区号,953
沙坡头,邮政区码,751700
沙坡头,地理位置,"37°32′N ,105°02′E"
沙坡头,面积,5922
沙坡头,人口,36万（2009年）
老虎滩,别名,老虎滩海洋公园
伯远帖,收藏,北京故宫博物院
龙宫风景区,中文名称,龙宫
龙宫风景区,面积,60平方公里
龙宫风景区,著名景点,中心、漩塘、油菜湖、仙人箐
龙宫风景区,大自然奇迹,全国最长、最美丽的水溶洞
龙宫风景区,景区等级,国家AAAAA级旅游景区
龙宫风景区,著名景点,水、旱溶洞90余个
青天河,中文名称,青天河
青天河,所属地区,中国 河南省
青天河,下辖地区,焦作市
青天河,地理位置,河南省焦作市西北部博爱县境内
青天河,面积,106平方公里
青天河,著名景点,大坝、大泉湖、三姑泉、西峡、佛耳峡、靳家岭、月山寺等
鸡冠洞,中文名称,鸡冠洞
鸡冠洞,拼音,jian guan dong
鸡冠洞,所属地区,河南洛阳栾川县城西3公里
鸡冠洞,海拔,1021米
鸡冠洞,深度,5600米
鸡冠洞,特点,山势雄伟，孤峰卓立
神堂峪自然风景区,中文名称,神堂峪自然风景区
神堂峪自然风景区,地点,怀柔县境内
神堂峪自然风景区,面积,16万平方公里
神堂峪自然风景区,类别,名胜古迹
神堂峪自然风景区,主要景点,长城度假村，古长城真迹，石瀑
天堂寨,中文名称,天堂寨
天堂寨,景区位置,皖鄂两省大别山主峰交界处
天堂寨,景区面积,120平方公里
天堂寨,类别,自然景观
天堂寨,主要景点,瀑布群，哲人峰，大鲵，古寨遗风
明代建筑,民间建筑代表,苏州园林
泰山风景区,中文名称,泰山
桂林漓江风景区,中文名称,桂林漓江风景区
桂林漓江风景区,行政区类别,风景区
桂林漓江风景区,著名景点,独秀峰，七星岩
桂林漓江风景区,机场,桂林机场
宋城,著名景点,千岛湖
蟒山国家森林公园,中文名称,蟒山国家森林公园
蟒山国家森林公园,所属地区,北京市昌平县东北部
蟒山国家森林公园,类别,森林公园
蟒山国家森林公园,森林覆盖率,86
溱湖,中文名称,溱湖
溱湖,拼音,qin hu
溱湖,总面积,26平方公里
溱湖,别名,喜鹊湖
溱湖,票价,80元/位
溱湖,地理位置,江苏中部
阿坝藏族羌族自治州,著名景点,九寨沟
木府,所在地区,丽江古城
仙栖洞,中文名称,仙栖洞
仙栖洞,所属地区,北京市房山区张坊镇东关上村
仙栖洞,已探深度,6000余米
仙栖洞,开放时间,1999年8月
银狐洞,中文名称,银狐洞
银狐洞,地理位置,北京房山区佛子庄乡下英水村
银狐洞,开发建设时间,1990年
银狐洞,主要游览内容,银狐洞、地下河、洞府茶韵等
南山,中文名称,终南山
南山,外文名称,Zhongnan Mountain，Zhongnanshan
南山,别名,太乙山、地肺山、
南山,所属地区,中国西安长安区
南山,著名景点,太乙宫、太乙池、楼观台等
京东大溶洞,中文名称,京东大溶洞
京东大溶洞,所属地区,中国北京
京东大溶洞,面积,20平方公里
京东大溶洞,旅游级别,国家AAAA级
京东大溶洞,门票价格,65元（学生及老人33元）
京东大溶洞,开放时间,8：00——下午18：30
歙县雄村,机场,黄山
不咸山,别名,长白山
北宫国家森林公园,中文名称,北宫国家森林公园
北宫国家森林公园,主要景点,芳泽溪、小江南、枫林路、揽翠亭
北宫国家森林公园,地理位置,北京市丰台区
北宫国家森林公园,人文景观,护国宝塔、古华阳洞、朝阳三慧洞
北宫国家森林公园,占地面积,914
北宫国家森林公园,植物种类,山合欢、旱榆、火炬树
温都水城,中文名称,温都水城
温都水城,服务,水上娱乐、温泉理疗、观光旅游
温都水城,属性,绿色休闲旅游圣地
温都水城,建筑面积,20000㎡
灵隐景区,周边景点,西湖
庐山神仙会,地址,庐山
南湖,中文名称,南湾湖
南湖,地理位置,距离信阳市西南5公里
南湖,景区组成,南湾湖和南湾国家森林公园组成
南湖,景区等级,国家4A级风景区
慕田峪长城,中文名称,慕田峪长城
慕田峪长城,所属地区,北京怀柔
慕田峪长城,建造时间,明朝
慕田峪长城,景区等级,AAAAA级旅游景区
慕田峪长城,特产,虹鳟鱼、金鳟鱼、鲟鱼
乐清,著名景点,雁荡山
西部影视城,中文名称,西部影视城
西部影视城,地理位置,在银川市城区西北郊无人荒野地带
西部影视城,著名景点,有两座古代城堡遗址，闻名国内的镇北堡古城
西部影视城,荣誉,银川市文物保护单位
张家界国家森林公园,中文名称,张家界国家森林公园
张家界国家森林公园,所属地区,张家界市
张家界国家森林公园,著名景点,金鞭溪，金鞭岩，鹞子寨景区
张家界国家森林公园,荣誉,《世界自然遗产名录》；
张家界国家森林公园,最高峰,斗蓬山1890米
淳安县,著名景点,千岛湖
明代丁元公自书诗卷,现藏,故宫博物院
南湖区,著名景点,南湖
大葆台西汉墓,周边景点,世界公园
海棠诗社,总部地点,大观园
康西草原,中文名称,康西草原
康西草原,所属地区,中国北京
康西草原,地理位置,延庆县康庄镇八达岭长城西侧
康西草原,面积,三万多亩
康西草原,著名景点,康西草原
雁南飞茶田度假村,中文名称,雁南飞茶田度假村
雁南飞茶田度假村,景区等级,AAAA级旅游景区
雁南飞茶田度假村,主要景点,雁南飞神石、游客中心和茶情阁等
雁南飞茶田度假村,景区特产,雁南飞金单丛乌龙茶
雁南飞茶田度假村,酒店住宿,围龙大酒店
八角寨,别名,云台山
南山文化旅游区,中文名称,南山文化旅游区
南山文化旅游区,所属地区,三亚市南山，距市区40公里
南山文化旅游区,规划面积,五十平方公里
武当,中文名称,武当山
云岫谷游猎自然风景区,中文名称,云岫谷游猎自然风景区
云岫谷游猎自然风景区,地理位置,密云县新城子乡遥桥峪村
云岫谷游猎自然风景区,著名景点,串珠潭、七仙瀑、南天一柱
云岫谷游猎自然风景区,周边景点,雾灵山森林公园、司马台长城
云岫谷游猎自然风景区,人文景观,刘伯温草庐、长城烽火台
云岫谷游猎自然风景区,娱乐设施,狩猎场、飞碟射击
云岫谷游猎自然风景区,野生动物,狐狸、山鸡、野兔
光熙峰,地理位置,普陀山
北京欢乐谷,中文名称,北京欢乐谷
北京欢乐谷,外文名称,Happy Valley of Beijing
北京欢乐谷,类别,游乐园
北京欢乐谷,地点,北京市朝阳区东四环四方桥东南角
北京欢乐谷,竣工时间,2006年7月
北京欢乐谷,占地面积,56万平方米
北京欢乐谷,主要设施,极速飞车、太阳神车、水晶神翼等
石景山游乐园,中文名称,石景山游乐园
石景山游乐园,地理位置,中国北京
石景山游乐园,面积,26
石景山游乐园,景区等级,AAAA级景区
石景山游乐园,建造时间,1986年
清紫檀有束腰带托泥圈椅,收藏,北京故宫博物院
丰泽区,著名景点,清源山
清端溪双龙砚,收藏,北京故宫博物院
安新县,著名景点,白洋淀
西海,中文名称,青海湖
化城寺,地点,九华山
峨眉山市,著名景点,峨眉山
九寨沟县,中文名称,九寨沟
武当山金殿,地点,武当山
白草畔,中文名称,白草畔
白草畔,地理位置,北京房山区霞云岭乡四马台村西北
白草畔,著名景点,白草畔、蚁冢千丘
白草畔,所属地区,北京
国家森林公园,最早森林公园,张家界国家森林公园
阮墩环碧,地点,西湖
五龙宫,所属地区,武当山
黄山温泉,所属地区,黄山
龙虎宗,中文名称,龙虎山
上方山国家森林公园,中文名称,上方山国家森林公园
上方山国家森林公园,地理位置,北京市房山区韩村河镇
上方山国家森林公园,类别,岩溶地貌，佛教源流，生态资源。
上方山国家森林公园,主要景点,九洞十二峰，天坑
上方山国家森林公园,周边景点,云居寺，仙栖洞，十渡风景区
上方山国家森林公园,风景区级别,国家3A级旅游景区
泰宁,中文名称,泰宁
泰宁,行政区类别,福建省泰宁县
泰宁,所属地区,中国华东
泰宁,下辖地区,杉城镇、朱口镇、新桥乡
泰宁,政府驻地,杉城镇
泰宁,电话区号,598
泰宁,邮政区码,354400
泰宁,地理位置,福建省西北部
泰宁,面积,4925平方公里
泰宁,人口,14
泰宁,方言,闽赣方言邵武话
泰宁,气候条件,中亚热带季风性湿润气候
泰宁,著名景点,世界地质公园、金湖、上清溪、状元岩、猫儿山、尚书第、峨眉峰
岳阳县,著名景点,岳阳楼
君山区,著名景点,岳阳楼
榔梅,分布区域,武当山
香菱学诗,毕业院校,大观园
平江区,著名景点,苏州园林
北京首云铁矿,公司名称,首云矿业股份有限公司
北京首云铁矿,总部地点,北京
北京首云铁矿,成立时间,1959年
北京首云铁矿,公司性质,国有
北京首云铁矿,员工数,1114人（2009年）
北京首云铁矿,主要产品,铁精粉
崂山刻石,别名,崂山
海棠社,总部地点,大观园
乐山大佛景区,中文名称,乐山大佛
乐山大佛景区,外文名称,The Leshan Giant Buddha
乐山大佛景区,地理位置,四川省乐山市中区凌云山
乐山大佛景区,著名景点,灵宝塔、九曲栈道、麻浩崖墓等
乐山大佛景区,世界遗产,1996年12月
杨过与小龙女,导演,华山
火线追凶,拍摄地点,横店影视城
九华山茶,产地,九华山
君山岛,中文名称,君山岛
君山岛,总面积,0
君山岛,别名,有缘山
君山岛,平均海拔,55m
唐柳公权行书兰亭诗卷,文物收藏,故宫博物院
石门桥镇,著名景点,白洋淀
黄帝问道广成子,地点,崆峒山
中国人民抗日战争纪念雕塑园,中文名称,中国人民抗日战争纪念雕塑园
中国人民抗日战争纪念雕塑园,地点,北京丰台区卢沟桥宛平城内街101号
中国人民抗日战争纪念雕塑园,竣工时间,2000年7月
中国人民抗日战争纪念雕塑园,著名景点,中国人民抗日战争纪念碑
中国人民抗日战争纪念雕塑园,占地面积,20公顷
中国人民抗日战争纪念雕塑园,奠基时间,1995年7月7日
中国人民抗日战争纪念雕塑园,正式开放时间,2000年8月16日
中国人民抗日战争纪念雕塑园,门票价格,免费
演员,实例,黄山
艺人,实例,黄山
国画,实例,泰山
山水画,实例,泰山
地理,实例,武夷山
名人,实例,武夷山
宜兴,实例,大觉寺
江苏,实例,大觉寺
大觉寺,实例,大觉寺
云湖,实例,大觉寺
金华,实例,南山
景点,实例,南山
白水洋,实例,白水洋
屏南县,实例,白水洋
世界地质公园,实例,白水洋
太姥山,实例,白水洋
白云山,实例,白水洋
临海,实例,白水洋
旅游,实例,白水洋
景点,实例,白水洋
景区,实例,白水洋
旅游,实例,天龙源温泉度假村
酒店,实例,天龙源温泉度假村
地理,实例,雁荡山
旅游,实例,雁荡山
旅游景点,实例,雁荡山
自然景观,实例,雁荡山
地质公园,实例,雁荡山
地理,实例,神农架
旅游,实例,神农架
旅游景点,实例,神农架
湖北,实例,神农架
国家森林保护区,实例,神农架
杭州,实例,西湖
景点,实例,西湖
三级旅游景区,实例,西湖
风景区,实例,西湖
旅游景点,实例,西湖
旅游,实例,西湖
tvb,实例,西湖
节目,实例,西湖
风景,实例,灵山大佛
佛教,实例,灵山大佛
旅游,实例,灵山大佛
江苏,实例,灵山大佛
无锡,实例,灵山大佛
地理,实例,青海湖
旅游,实例,青海湖
湖泊,实例,青海湖
青海,实例,青海湖
咸水湖,实例,青海湖
佛教,实例,龙门石窟
艺术,实例,龙门石窟
旅游,实例,龙门石窟
河南,实例,龙门石窟
雕刻,实例,龙门石窟
建筑,实例,黄鹤楼
名胜古迹,实例,黄鹤楼
四大名楼,实例,黄鹤楼
旅游,实例,白云山
森林公园,实例,白云山
丽水,实例,白云山
白云山,实例,白云山
旅游胜地,实例,白云山
5A景区,实例,白云山
风景,实例,白云山
汕尾,实例,白云山
地理,实例,华山
导演,实例,华山
历史学家,实例,华山
作家,实例,华山
五岳,实例,华山
旅游胜地,实例,峨眉山
景点,实例,峨眉山
文化,实例,峨眉山
诗词,实例,峨眉山
诗人,实例,峨眉山
电影,实例,峨眉山
记录,实例,峨眉山
地理,实例,九寨沟
旅游,实例,九寨沟
四川,实例,九寨沟
自然风景,实例,九寨沟
5A景区,实例,九寨沟
名胜古迹,实例,都江堰
文化遗产,实例,都江堰
水利工程,实例,都江堰
文化旅游,实例,都江堰
全国重点文物保护单位,实例,都江堰
地理,实例,黄山
旅游,实例,黄山
景点,实例,黄山
山峰,实例,黄山
黄山,实例,黄山
cosplay,实例,黄山
地理,实例,千岛湖
旅游,实例,千岛湖
风景区,实例,千岛湖
浙江,实例,千岛湖
邮票,实例,千岛湖
风景,实例,崂山
道教,实例,崂山
山东,实例,崂山
名山,实例,崂山
青岛,实例,崂山
旅游,实例,武当山
世界文化遗产,实例,武当山
风景名胜,实例,武当山
十堰,实例,武当山
道教名山,实例,武当山
地理,实例,黄果树瀑布
旅游,实例,黄果树瀑布
风光,实例,黄果树瀑布
瀑布,实例,黄果树瀑布
自然资源,实例,黄果树瀑布
旅游,实例,喀纳斯湖
湖泊,实例,喀纳斯湖
新疆,实例,喀纳斯湖
自然景观,实例,喀纳斯湖
水域,实例,喀纳斯湖
文化,实例,云冈石窟
古迹,实例,云冈石窟
名胜,实例,云冈石窟
石窟,实例,云冈石窟
大同旅游,实例,云冈石窟
建筑,实例,故宫
世界文化遗产,实例,故宫
宫殿,实例,故宫
景点。博物馆,实例,故宫
南京,实例,故宫
遗址公园,实例,故宫
南京明故宫,实例,故宫
明故宫,实例,故宫
旅游,实例,故宫
遗址,实例,故宫
韩国,实例,故宫
纪录片,实例,故宫
历史,实例,大唐芙蓉园
陕西,实例,大唐芙蓉园
唐朝,实例,大唐芙蓉园
西安,实例,大唐芙蓉园
长安,实例,大唐芙蓉园
影视,实例,大唐芙蓉园
电视剧,实例,大唐芙蓉园
杨贵妃,实例,大唐芙蓉园
地理,实例,龙虎山
道教,实例,龙虎山
山峰,实例,龙虎山
龙虎山,实例,龙虎山
江西户外,实例,龙虎山
旅游,实例,恭王府
北京,实例,恭王府
名胜,实例,恭王府
旅游景点,实例,恭王府
恭王府,实例,恭王府
旅游,实例,北海公园
古文化,实例,北海公园
词条,实例,北海公园
遗产,实例,北海公园
摩山,实例,北海公园
风景,实例,天山天池
地理,实例,天山天池
旅游,实例,天山天池
景点,实例,天山天池
新疆,实例,天山天池
旅游,实例,乌镇
浙江,实例,乌镇
古镇,实例,乌镇
江南水乡,实例,乌镇
国家5A级旅游景区,实例,乌镇
符金梁提供！,实例,乌镇
佛教,实例,麦积山
自然景观,实例,麦积山
天水麦积山,实例,麦积山
人文景观,实例,麦积山
泥塑,实例,麦积山
旅游,实例,岳阳楼
生活,实例,岳阳楼
景点,实例,岳阳楼
名胜古迹,实例,岳阳楼
岳阳,实例,岳阳楼
地理,实例,华清池
旅游,实例,华清池
景点,实例,华清池
温泉,实例,华清池
浴池,实例,华清池
旅游景点,实例,承德避暑山庄
世界遗产,实例,承德避暑山庄
承德,实例,承德避暑山庄
历史文化遗产,实例,承德避暑山庄
全国重点文物保护单位,实例,承德避暑山庄
北京,实例,圆明园遗址公园
遗址,实例,圆明园遗址公园
公园,实例,圆明园遗址公园
全国重点文物保护单位,实例,圆明园遗址公园
宗教,实例,九华山
文化,实例,九华山
旅游,实例,九华山
山地,实例,九华山
四大佛教名山,实例,九华山
西九华山,实例,九华山
旅游胜地,实例,九华山
河南,实例,九华山
信阳,实例,九华山
北京,实例,颐和园
园林,实例,颐和园
文化遗产,实例,颐和园
皇家园林,实例,颐和园
全国重点文物保护单位,实例,颐和园
中国历史,实例,国子监
教育,实例,国子监
旅游景点,实例,国子监
机构,实例,国子监
中华文化,实例,国子监
文化,实例,故宫
历史,实例,故宫
建造,实例,故宫
旅游,实例,清明上河园
景点,实例,清明上河园
河南,实例,清明上河园
开封,实例,清明上河园
旅游,实例,黄帝陵
陕西,实例,黄帝陵
黄帝,实例,黄帝陵
延安,实例,黄帝陵
陵寝,实例,黄帝陵
文化,实例,明十三陵
旅游,实例,明十三陵
世界文化遗产,实例,明十三陵
文物古迹,实例,明十三陵
陵墓,实例,明十三陵
旅游,实例,丽江古城
云南,实例,丽江古城
世界文化遗产,实例,丽江古城
文物古迹,实例,丽江古城
明朝,实例,丽江古城
广播电视塔,实例,东方明珠广播电视塔
东方明珠,实例,东方明珠广播电视塔
新闻中心,实例,东方明珠广播电视塔
上海浦东,实例,东方明珠广播电视塔
标志建筑物,实例,东方明珠广播电视塔
旅游,实例,嘉峪关
交通,实例,嘉峪关
长城,实例,嘉峪关
嘉峪关,实例,嘉峪关
嘉峪关长城,实例,嘉峪关
中国,实例,嘉峪关
地级市,实例,嘉峪关
西北,实例,嘉峪关
甘肃省,实例,嘉峪关
灵山自然风景区,实例,灵山风景区
风景区,实例,灵山风景区
景点,实例,灵山风景区
一字岩,实例,灵山风景区
乐清市,实例,灵山风景区
浙江省,实例,灵山风景区
旅游,实例,皇城相府
历史,实例,皇城相府
山西,实例,皇城相府
地理,实例,金石滩
旅游,实例,金石滩
景点,实例,金石滩
大连,实例,金石滩
发现王国,实例,金石滩
文化,实例,成吉思汗陵
建筑,实例,成吉思汗陵
遗址,实例,成吉思汗陵
陵墓,实例,成吉思汗陵
成吉思汗,实例,成吉思汗陵
苏州,实例,苏州园林
世界文化遗产,实例,苏州园林
园林,实例,苏州园林
文章,实例,苏州园林
散文,实例,苏州园林
旅游,实例,天柱山
自然景观,实例,天柱山
名山,实例,天柱山
山峰,实例,天柱山
文化,实例,天柱山
历史,实例,天柱山
地名,实例,天柱山
风景名胜,实例,天柱山
世界文化遗产,实例,五台山
图书,实例,五台山
旅游景区,实例,五台山
避暑胜地,实例,五台山
佛教名山,实例,五台山
旅游,实例,五台山
山名,实例,五台山
静宁,实例,五台山
地理,实例,伪满皇宫博物院
旅游,实例,伪满皇宫博物院
风景区,实例,伪满皇宫博物院
景点,实例,伪满皇宫博物院
长春市,实例,伪满皇宫博物院
文化,实例,殷墟
考古,实例,殷墟
旅游,实例,殷墟
商代,实例,殷墟
世界文物遗址,实例,殷墟
地理,实例,崆峒山
旅游,实例,崆峒山
名胜,实例,崆峒山
山脉,实例,崆峒山
图书,实例,崆峒山
风景,实例,清源山
旅游,实例,清源山
福建,实例,清源山
名山,实例,清源山
泉州,实例,清源山
文学,实例,大观园
旅游,实例,大观园
建筑,实例,大观园
景点,实例,大观园
园林,实例,大观园
旅游,实例,太阳岛
岛屿,实例,太阳岛
上海,实例,太阳岛
哈尔滨,实例,太阳岛
玻利维亚,实例,太阳岛
酒店预订,实例,太阳岛
商务会议,实例,太阳岛
出差,实例,太阳岛
网络订房,实例,太阳岛
风景区,实例,太阳岛
地理,实例,庐山
江西,实例,庐山
自然风光,实例,庐山
世界遗产名录,实例,庐山
名山旅游,实例,庐山
文化,实例,嵩山
旅游,实例,嵩山
名山,实例,嵩山
地质,实例,嵩山
五岳,实例,嵩山
河北保定,实例,白洋淀
华北明珠,实例,白洋淀
抗日雁翎队,实例,白洋淀
荷花淀,实例,白洋淀
国家级湿地自然保护区,实例,白洋淀
社会,实例,十渡
旅游,实例,十渡
北京,实例,十渡
景点,实例,十渡
旅游,实例,红螺寺
北京,实例,红螺寺
风景区,实例,红螺寺
寺庙,实例,红螺寺
景点,实例,红螺寺
东北,实例,长白山
吉林,实例,长白山
长白山,实例,长白山
白山,实例,长白山
国民旅游休闲网,实例,长白山
烟草,实例,长白山
香烟,实例,长白山
延吉,实例,长白山
地理,实例,瘦西湖
旅游,实例,瘦西湖
湖泊,实例,瘦西湖
公园,实例,瘦西湖
水域,实例,瘦西湖
音乐,实例,野三坡
河北,实例,野三坡
景区,实例,野三坡
王菲,实例,野三坡
国家森林公园,实例,野三坡
地理,实例,神农山
旅游,实例,神农山
地域,实例,神农山
景观,实例,神农山
山脉,实例,神农山
地理,实例,泰山
文化,实例,泰山
山东,实例,泰山
名胜,实例,泰山
山峰,实例,泰山
词语,实例,泰山
汉语,实例,泰山
美国,实例,泰山
小说人物,实例,泰山
虚拟人物,实例,泰山
动画片,实例,泰山
大熊猫,实例,泰山
旅游,实例,大雁塔
文物古迹,实例,大雁塔
西安,实例,大雁塔
全国重点文物保护单位,实例,大雁塔
标志性建筑,实例,大雁塔
旅游,实例,武夷山
福建,实例,武夷山
名山,实例,武夷山
世界自然文化遗产,实例,武夷山
中国历史,实例,刘公岛
山东,实例,刘公岛
旅游景点,实例,刘公岛
威海,实例,刘公岛
刘公岛,实例,刘公岛
革命圣地,实例,西柏坡
中国革命史,实例,西柏坡
红色旅游,实例,西柏坡
爱国主义教育示范基地,实例,西柏坡
河北省平山县,实例,西柏坡
地理,实例,上海科技馆
旅游,实例,上海科技馆
科技,实例,上海科技馆
上海,实例,上海科技馆
博物馆,实例,上海科技馆
风景,实例,云台山
旅游,实例,云台山
名胜,实例,云台山
风景名胜,实例,云台山
世界地质公园,实例,云台山
风景区,实例,云台山
旅游景点,实例,云台山
国家级风景名胜区,实例,云台山
贵州,实例,云台山
世界自然遗产,实例,云台山
黔东南,实例,云台山
中国南方喀斯特,实例,云台山
南溪风景,实例,云台山
地理,实例,青龙峡
旅游,实例,青龙峡
北京,实例,青龙峡
云南,实例,青龙峡
怀柔,实例,青龙峡
焦作青龙峡,实例,青龙峡
北京,实例,什刹海
旅游景点,实例,什刹海
历史文化,实例,什刹海
老北京,实例,什刹海
音乐专辑,实例,什刹海
功夫剧,实例,什刹海
文化,实例,崇圣寺三塔
旅游,实例,崇圣寺三塔
云南,实例,崇圣寺三塔
全国重点文物保护单位,实例,崇圣寺三塔
景点区,实例,崇圣寺三塔
旅游,实例,蓬莱阁
景观,实例,蓬莱阁
建筑群,实例,蓬莱阁
蓬莱,实例,蓬莱阁
阁楼,实例,蓬莱阁
文化,实例,三清山
旅游,实例,三清山
山峰,实例,三清山
世界文化遗产,实例,三清山
上饶,实例,三清山
佛教,实例,普陀山
旅游,实例,普陀山
浙江,实例,普陀山
普陀山,实例,普陀山
国家5A级旅游风景区,实例,普陀山
地理,实例,雁栖湖
北京名胜,实例,雁栖湖
旅游,实例,戒台寺
北京,实例,戒台寺
文物,实例,戒台寺
寺院,实例,戒台寺
景区,实例,戒台寺
佛教,实例,八大处公园
旅游,实例,八大处公园
北京,实例,八大处公园
公园,实例,八大处公园
全国重点文物保护单位,实例,八大处公园
旅游,实例,司马台长城
北京,实例,司马台长城
历史遗迹,实例,司马台长城
风景名胜区,实例,司马台长城
长城,实例,司马台长城
旅游,实例,北京动物园
北京,实例,北京动物园
公园,实例,北京动物园
动物园,实例,北京动物园
北京动物园,实例,北京动物园
地理,实例,井冈山
诗词,实例,井冈山
电视剧,实例,井冈山
革命圣地,实例,井冈山
国民旅游休闲网,实例,井冈山
文化,实例,大觉寺
旅游,实例,大觉寺
北京,实例,大觉寺
寺院,实例,大觉寺
风景名胜区,实例,大觉寺
旅游,实例,北京植物园
景点,实例,北京植物园
风景名胜区,实例,北京植物园
植物园,实例,北京植物园
国民旅游休闲网,实例,北京植物园
旅游,实例,龙庆峡
北京,实例,龙庆峡
自然景观,实例,龙庆峡
风景名胜区,实例,龙庆峡
延庆景区,实例,龙庆峡
四川,实例,青城山
世界文化遗产,实例,青城山
成都,实例,青城山
名山,实例,青城山
风景名胜区,实例,青城山
旅游,实例,青城山
风景区,实例,青城山
四川省,实例,青城山
地理,实例,五大连池
旅游,实例,五大连池
湖泊,实例,五大连池
城市,实例,五大连池
满语,实例,五大连池
图片,实例,五大连池
五大连池,实例,五大连池
福建,实例,鼓浪屿
旅游景点,实例,鼓浪屿
厦门,实例,鼓浪屿
文化遗产,实例,鼓浪屿
5A景区,实例,鼓浪屿
旅游,实例,三峡大坝
湖北,实例,三峡大坝
宜昌,实例,三峡大坝
水利,实例,三峡大坝
电力工程,实例,三峡大坝
旅游,实例,天坛公园
公园,实例,天坛公园
名胜古迹,实例,天坛公园
文化遗产,实例,天坛公园
宏源阁博物馆,实例,天坛公园
文化,实例,宋庆龄故居
旅游,实例,宋庆龄故居
古迹,实例,宋庆龄故居
历史,实例,宋庆龄故居
旅游,实例,八达岭长城
古建筑,实例,八达岭长城
文化遗产,实例,八达岭长城
长城,实例,八达岭长城
全国重点文物保护单位,实例,八达岭长城
旅游,实例,桂林乐满地主题乐园
桂林,实例,桂林乐满地主题乐园
广西,实例,桂林乐满地主题乐园
5A景区,实例,桂林乐满地主题乐园
兴安,实例,桂林乐满地主题乐园
旅游,实例,潭柘寺
建筑,实例,潭柘寺
遗址,实例,潭柘寺
寺院,实例,潭柘寺
庙宇,实例,潭柘寺
旅游,实例,横店影视城
浙江,实例,横店影视城
景点,实例,横店影视城
风景名胜,实例,横店影视城
影视基地,实例,横店影视城
旅游,实例,葡萄沟
新疆,实例,葡萄沟
葡萄,实例,葡萄沟
吐鲁番,实例,葡萄沟
国家5A级旅游景区,实例,葡萄沟
地理,实例,镜泊湖
旅游,实例,镜泊湖
自然,实例,镜泊湖
地理,实例,中山公园
人文,实例,中山公园
旅游,实例,中山公园
公园,实例,中山公园
景点,实例,中山公园
中山公园,实例,中山公园
济南公园,实例,中山公园
绿化,实例,中山公园
北海市,实例,中山公园
旅游,实例,净月潭
吉林,实例,净月潭
长春,实例,净月潭
地理,实例,盘山风景区
旅游,实例,盘山风景区
天津,实例,盘山风景区
景点,实例,盘山风景区
地质公园,实例,盘山风景区
旅游,实例,云居寺
北京,实例,云居寺
景点,实例,云居寺
世界文化遗产,实例,云居寺
寺院,实例,云居寺
地理,实例,响沙湾
旅游,实例,响沙湾
景观,实例,响沙湾
沙漠,实例,响沙湾
沙丘,实例,响沙湾
地理,实例,岳麓山
旅游,实例,岳麓山
地域,实例,岳麓山
景观,实例,岳麓山
山峰,实例,岳麓山
旅游,实例,世界公园
名胜,实例,世界公园
景观,实例,世界公园
图书,实例,世界公园
世界文化,实例,世界公园
北京,实例,居庸关长城
景点,实例,居庸关长城
名胜古迹,实例,居庸关长城
长城,实例,居庸关长城
昌平,实例,居庸关长城
旅游,实例,景山公园
北京,实例,景山公园
古迹,实例,景山公园
名胜,实例,景山公园
景点,实例,景山公园
旅游,实例,京东大峡谷
北京,实例,京东大峡谷
名胜,实例,京东大峡谷
峡谷,实例,京东大峡谷
郊区,实例,京东大峡谷
中国城市,实例,奉化
宁波,实例,奉化
蒋介石,实例,奉化
浙江城市,实例,奉化
浙江县区,实例,奉化
艺术,实例,故宫博物院
文物,实例,故宫博物院
博物馆,实例,故宫博物院
历史文化,实例,故宫博物院
建筑,实例,故宫博物院
历史,实例,故宫博物院
故宫,实例,故宫博物院
文化遗产,实例,故宫博物院
地理,实例,沙湖
旅游,实例,沙湖
湖泊,实例,沙湖
沙漠,实例,沙湖
景区,实例,沙湖
宁夏,实例,沙坡头
生态,实例,沙坡头
旅行,实例,沙坡头
沙漠,实例,沙坡头
中卫,实例,沙坡头
人文,实例,夫子庙
旅游,实例,夫子庙
历史,实例,夫子庙
名胜古迹,实例,夫子庙
南京,实例,夫子庙
旅游,实例,老舍茶馆
北京,实例,老舍茶馆
人物,实例,老舍茶馆
老舍,实例,老舍茶馆
茶馆,实例,老舍茶馆
北京,实例,九龙游乐园
旅游胜地,实例,九龙游乐园
昌平,实例,九龙游乐园
游乐园,实例,九龙游乐园
十三陵,实例,九龙游乐园
旅游,实例,中华民族园
北京,实例,中华民族园
公园,实例,中华民族园
景点,实例,中华民族园
博物馆,实例,中华民族园
地理,实例,小三峡
旅游,实例,小三峡
名胜,实例,小三峡
重庆,实例,小三峡
国家5A级旅游景区,实例,小三峡
文化,实例,紫竹院公园
旅游,实例,紫竹院公园
北京,实例,紫竹院公园
公园,实例,紫竹院公园
景点,实例,紫竹院公园
地理,实例,龙宫风景区
旅游,实例,龙宫风景区
风景区,实例,龙宫风景区
贵州,实例,龙宫风景区
旅游,实例,龙潭公园
山东,实例,龙潭公园
柳州,实例,龙潭公园
广西,实例,龙潭公园
临沂,实例,龙潭公园
地理,实例,青天河
旅游,实例,青天河
地域,实例,青天河
风景区,实例,青天河
景观,实例,青天河
地理,实例,鸡冠洞
旅游,实例,鸡冠洞
景观,实例,鸡冠洞
溶洞,实例,鸡冠洞
洞穴,实例,鸡冠洞
文化,实例,神堂峪自然风景区
旅游,实例,神堂峪自然风景区
风景区,实例,神堂峪自然风景区
景点,实例,神堂峪自然风景区
自然风景区,实例,神堂峪自然风景区
中国,实例,黄龙风景名胜区
地理,实例,黄龙风景名胜区
四川,实例,黄龙风景名胜区
世界遗产,实例,黄龙风景名胜区
风景名胜,实例,黄龙风景名胜区
旅游,实例,天堂寨
安徽,实例,天堂寨
湖北,实例,天堂寨
金寨,实例,天堂寨
罗田,实例,天堂寨
文化,实例,白云山风景区
旅游,实例,白云山风景区
文化,实例,桂林漓江风景区
旅游,实例,桂林漓江风景区
休闲,实例,桂林漓江风景区
桂林,实例,桂林漓江风景区
广西,实例,桂林漓江风景区
地理,实例,双龙峡风景区
文化,实例,双龙峡风景区
旅游,实例,双龙峡风景区
景点,实例,双龙峡风景区
地理,实例,珍珠湖风景区
文化,实例,珍珠湖风景区
旅游,实例,珍珠湖风景区
景点,实例,珍珠湖风景区
自然风景,实例,珍珠湖风景区
旅游,实例,云蒙山国家森林公园
北京,实例,云蒙山国家森林公园
景点,实例,云蒙山国家森林公园
森林公园,实例,云蒙山国家森林公园
环境,实例,云蒙山国家森林公园
地理,实例,金海湖风景区
文化,实例,金海湖风景区
旅游,实例,金海湖风景区
景点,实例,金海湖风景区
地理,实例,老君山
旅游,实例,老君山
地域,实例,老君山
景观,实例,老君山
山峰,实例,老君山
景点,实例,老君山
老君山,实例,老君山
云南老君山,实例,老君山
四川,实例,老君山
绵阳,实例,老君山
江油,实例,老君山
休闲,实例,沈阳植物园
公园,实例,沈阳植物园
人文景观,实例,沈阳植物园
国家5A级旅游景区,实例,沈阳植物园
风景区,实例,濠河
旅游胜地,实例,濠河
南通,实例,濠河
自然风景区,实例,濠河
护城河,实例,濠河
旅游,实例,黑山谷景区
风景区,实例,黑山谷景区
重庆,实例,黑山谷景区
旅游,实例,北京海洋馆
北京,实例,北京海洋馆
海洋馆,实例,北京海洋馆
水族馆,实例,北京海洋馆
北京动物园,实例,北京海洋馆
旅游,实例,慕田峪
北京,实例,慕田峪
地名,实例,慕田峪
长城,实例,慕田峪
慕田峪,实例,慕田峪
旅游,实例,蟒山国家森林公园
北京,实例,蟒山国家森林公园
景点,实例,蟒山国家森林公园
森林公园,实例,蟒山国家森林公园
环境,实例,蟒山国家森林公园
旅游,实例,圣莲山
圣米石塘,实例,圣莲山
莲花山,实例,圣莲山
京西小五岳,实例,圣莲山
旅游,实例,秦始皇兵马俑博物馆
历史,实例,秦始皇兵马俑博物馆
陕西,实例,秦始皇兵马俑博物馆
博物馆,实例,秦始皇兵马俑博物馆
兵马俑,实例,秦始皇兵马俑博物馆
旅游,实例,溱湖
喜鹊湖,实例,溱湖
溱湖国家湿地公园,实例,溱湖
旅游,实例,玉渊潭公园
北京,实例,玉渊潭公园
风景区,实例,玉渊潭公园
公园,实例,玉渊潭公园
国民旅游休闲网,实例,玉渊潭公园
旅游,实例,香山公园
北京,实例,香山公园
公园,实例,香山公园
景点,实例,香山公园
香山,实例,香山公园
文化,实例,中国印刷博物馆
建筑,实例,中国印刷博物馆
博物馆,实例,中国印刷博物馆
印刷术,实例,中国印刷博物馆
遗址,实例,周口店遗址博物馆
历史,实例,周口店遗址博物馆
博物馆,实例,周口店遗址博物馆
社会,实例,北京天文馆
文化,实例,北京天文馆
天文,实例,北京天文馆
建筑,实例,北京天文馆
博物馆,实例,北京天文馆
旅游,实例,中国航空博物馆
北京,实例,中国航空博物馆
建筑,实例,中国航空博物馆
航空,实例,中国航空博物馆
博物馆,实例,中国航空博物馆
旅游,实例,妙峰山
北京,实例,妙峰山
名山,实例,妙峰山
风景名胜,实例,妙峰山
旅游景点,实例,银狐洞
旅游,实例,百望山森林公园
北京,实例,百望山森林公园
景点,实例,百望山森林公园
森林公园,实例,百望山森林公园
太行前哨第一峰,实例,百望山森林公园
汉语词语,实例,南山
风景,实例,南山
文化,实例,南山
文学,实例,南山
唐诗,实例,南山
王维,实例,南山
公园,实例,南山
寺庙,实例,南山
旅游景点,实例,南山
山,实例,南山
西宁市,实例,南山
旅游,实例,南山
风景区,实例,南山
地名,实例,南山
地理,实例,南山
山峰,实例,南山
山名,实例,南山
福建,实例,南山
南平,实例,南山
乡镇,实例,南山
龙岩,实例,南山
神断狄仁杰,实例,南山
广西,实例,南山
山川,实例,南山
横县,实例,南山
风景,实例,仙栖洞
旅游,实例,仙栖洞
景点,实例,仙栖洞
房山,实例,仙栖洞
北京的人间仙境,实例,仙栖洞
文化,实例,中国科学技术馆
旅游,实例,中国科学技术馆
北京,实例,中国科学技术馆
科技,实例,中国科学技术馆
科教,实例,中国科学技术馆
地理,实例,京东大溶洞
旅游,实例,京东大溶洞
名胜,实例,京东大溶洞
景点,实例,京东大溶洞
奇观,实例,京东大溶洞
中华民族,实例,中国人民抗日战争纪念馆
抗日战争,实例,中国人民抗日战争纪念馆
爱国主义教育基地,实例,中国人民抗日战争纪念馆
七七事变,实例,中国人民抗日战争纪念馆
中国军队,实例,中国人民抗日战争纪念馆
植物,实例,北京世界花卉大观园
花卉,实例,北京世界花卉大观园
园林,实例,北京世界花卉大观园
北京旅游,实例,北京世界花卉大观园
北京旅游,实例,北宫国家森林公园
国家森林公园,实例,北宫国家森林公园
旅游,实例,八达岭国家森林公园
北京,实例,八达岭国家森林公园
景点,实例,八达岭国家森林公园
旅游,实例,温都水城
休闲,实例,温都水城
温泉,实例,温都水城
SPA,实例,温都水城
水城,实例,温都水城
纪念馆,实例,焦庄户地道战遗址纪念馆
焦庄户地道战遗址纪念馆,实例,焦庄户地道战遗址纪念馆
焦庄户地道,实例,焦庄户地道战遗址纪念馆
中国,实例,南湖
湖泊,实例,南湖
长春,实例,南湖
嘉兴,实例,南湖
南湖,实例,南湖
历史,实例,南湖
旅游景点,实例,南湖
地理,实例,南湖
旅游,实例,南湖
河南,实例,南湖
水域,实例,南湖
文学,实例,南湖
唐诗,实例,南湖
七言律诗,实例,南湖
温庭筠,实例,南湖
诗词曲赋,实例,南湖
旅游,实例,慕田峪长城
北京,实例,慕田峪长城
建筑,实例,慕田峪长城
景点,实例,慕田峪长城
长城,实例,慕田峪长城
旅游,实例,金鸡湖
苏州,实例,金鸡湖
金鸡湖,实例,金鸡湖
工业园区,实例,金鸡湖
景点,实例,清远连州地下河
广东,实例,清远连州地下河
风景名胜,实例,清远连州地下河
地理,实例,康西草原
旅游,实例,康西草原
生活,实例,康西草原
景观,实例,康西草原
简介,实例,康西草原
旅游,实例,雁南飞茶田度假村
度假,实例,雁南飞茶田度假村
梅州,实例,雁南飞茶田度假村
地理,实例,可可托海国家地质公园
新疆,实例,可可托海国家地质公园
地震,实例,可可托海国家地质公园
地质,实例,可可托海国家地质公园
娱乐,实例,陶然亭公园
旅游,实例,陶然亭公园
休闲,实例,陶然亭公园
北京,实例,陶然亭公园
公园,实例,陶然亭公园
地理,实例,莲花池公园
北京,实例,莲花池公园
风景区,实例,莲花池公园
公园,实例,莲花池公园
景点,实例,莲花池公园
旅游,实例,御林古桑园
景点,实例,御林古桑园
民俗旅游,实例,御林古桑园
旅游,实例,南山文化旅游区
风景区,实例,南山文化旅游区
海南,实例,南山文化旅游区
三亚,实例,南山文化旅游区
国家5A级旅游景区,实例,南山文化旅游区
北京,实例,历代帝王庙
古迹,实例,历代帝王庙
文物,实例,历代帝王庙
旅游,实例,常州恐龙园
恐龙,实例,常州恐龙园
常州,实例,常州恐龙园
恐龙园,实例,常州恐龙园
环球恐龙城,实例,常州恐龙园
风景,实例,幽谷神潭自然风景区
地理,实例,幽谷神潭自然风景区
旅游,实例,幽谷神潭自然风景区
北京,实例,幽谷神潭自然风景区
影视,实例,西部影视城
旅游,实例,西部影视城
建筑,实例,西部影视城
宁夏,实例,西部影视城
古城,实例,西部影视城
文化,实例,中国紫檀博物馆
旅游,实例,中国紫檀博物馆
科普,实例,中国紫檀博物馆
博物院,实例,中国紫檀博物馆
地理,实例,鸳鸯溪
旅游,实例,鸳鸯溪
城市,实例,鸳鸯溪
景点,实例,鸳鸯溪
福建,实例,鸳鸯溪
旅游,实例,张家界国家森林公园
景点,实例,张家界国家森林公园
张家界,实例,张家界国家森林公园
国家森林公园,实例,张家界国家森林公园
旅游,实例,龙脉温泉度假村
温泉,实例,龙脉温泉度假村
地理,实例,云岫谷游猎自然风景区
旅游,实例,云岫谷游猎自然风景区
自然,实例,云岫谷游猎自然风景区
景点,实例,云岫谷游猎自然风景区
密云,实例,云岫谷游猎自然风景区
地理,实例,丹霞山国家级自然保护区
旅游,实例,丹霞山国家级自然保护区
自然,实例,丹霞山国家级自然保护区
自然保护区,实例,丹霞山国家级自然保护区
环境,实例,丹霞山国家级自然保护区
旅游,实例,北京欢乐谷
观光,实例,北京欢乐谷
旅游,实例,石景山游乐园
休闲,实例,石景山游乐园
游乐园,实例,石景山游乐园
AAAA级景区,实例,石景山游乐园
旅游,实例,上海野生动物园
景点,实例,上海野生动物园
上海,实例,上海野生动物园
野生动物园,实例,上海野生动物园
企业单位,实例,上海野生动物园
古迹,实例,西递宏村
安徽,实例,西递宏村
西递,实例,西递宏村
宏村,实例,西递宏村
清代,实例,南新仓
北京,实例,南新仓
建筑,实例,南新仓
古建筑,实例,南新仓
仓库,实例,南新仓
植物,实例,中国科学院西双版纳热带植物园
旅游景点,实例,中国科学院西双版纳热带植物园
西双版纳,实例,中国科学院西双版纳热带植物园
研究机构,实例,中国科学院西双版纳热带植物园
植物园,实例,中国科学院西双版纳热带植物园
军事,实例,中国民兵武器装备陈列馆
旅游,实例,中国民兵武器装备陈列馆
北京,实例,中国民兵武器装备陈列馆
枪械,实例,中国民兵武器装备陈列馆
文化,实例,青龙湖公园
旅游,实例,青龙湖公园
北京,实例,青龙湖公园
公园,实例,青龙湖公园
景点,实例,青龙湖公园
风景区,实例,太湖鼋头渚风景区
无锡,实例,太湖鼋头渚风景区
景点,实例,太湖鼋头渚风景区
名胜古迹,实例,太湖鼋头渚风景区
北京,实例,朝阳公园
风景区,实例,朝阳公园
公园,实例,朝阳公园
景点,实例,朝阳公园
朝阳,实例,朝阳公园
旅游,实例,白草畔
度假,实例,白草畔
白草畔,实例,白草畔
交通,实例,红领巾公园
北京,实例,红领巾公园
景点,实例,红领巾公园
少先队,实例,红领巾公园
游乐,实例,红领巾公园
旅游,实例,大小洞天风景区
景点,实例,大小洞天风景区
海南,实例,大小洞天风景区
三亚,实例,大小洞天风景区
国家地理,实例,大小洞天风景区
旅游,实例,京都第一瀑
北京,实例,京都第一瀑
景点,实例,京都第一瀑
密云,实例,京都第一瀑
中国,实例,清凉谷旅游风景区
旅游,实例,清凉谷旅游风景区
北京,实例,清凉谷旅游风景区
风景区,实例,清凉谷旅游风景区
景点,实例,清凉谷旅游风景区
风景,实例,桃源仙谷自然风景区
台湾,实例,桃源仙谷自然风景区
旅游,实例,桃源仙谷自然风景区
旅游,实例,京东石林峡风景区
平谷,实例,京东石林峡风景区
地理,实例,上方山国家森林公园
旅游,实例,上方山国家森林公园
风景区,实例,上方山国家森林公园
公园,实例,上方山国家森林公园
景点,实例,上方山国家森林公园
医学,实例,泰宁
药品,实例,泰宁
地名,实例,泰宁
世界地质公园,实例,泰宁
旅游指导,实例,泰宁
旅游,实例,麋鹿苑
北京,实例,麋鹿苑
公园,实例,麋鹿苑
景点,实例,麋鹿苑
自然风光,实例,那拉提
钢铁,实例,北京首云铁矿
冶金,实例,北京首云铁矿
矿山,实例,北京首云铁矿
企业介绍,实例,北京首云铁矿
球团矿,实例,北京首云铁矿
北京名胜,实例,北京黄花城水长城旅游区
风景,实例,乐山大佛景区
旅游,实例,乐山大佛景区
自然遗产,实例,乐山大佛景区
乐山,实例,乐山大佛景区
乐山大佛,实例,乐山大佛景区
地理,实例,齐天乐园
旅游,实例,齐天乐园
北京,实例,齐天乐园
景点,实例,齐天乐园
乐园,实例,齐天乐园
旅游,实例,老虎滩海洋公园
老虎滩,实例,老虎滩海洋公园
旅游,实例,小龙门森林公园
北京,实例,小龙门森林公园
风景区,实例,小龙门森林公园
公园,实例,小龙门森林公园
景点,实例,小龙门森林公园
中国,实例,湖洞水风景区
旅游,实例,湖洞水风景区
北京,实例,湖洞水风景区
风景区,实例,湖洞水风景区
景点,实例,湖洞水风景区
文化,实例,前门大街
旅游,实例,前门大街
北京,实例,前门大街
街道,实例,前门大街
文化,实例,君山岛
旅游,实例,君山岛
景点,实例,君山岛
岳阳,实例,君山岛
君山,实例,君山岛
旅游,实例,神龙溪
风景区,实例,神龙溪
神龙溪,实例,神龙溪
电影,实例,大观楼影城
北京,实例,大观楼影城
老字号,实例,大观楼影城
北京,实例,太平洋海底世界博览馆
博物馆,实例,太平洋海底世界博览馆
文化,实例,中国人民抗日战争纪念雕塑园
旅游,实例,中国人民抗日战争纪念雕塑园
北京,实例,中国人民抗日战争纪念雕塑园
景点,实例,中国人民抗日战争纪念雕塑园
北京,实例,北京野生动物园
景点,实例,北京野生动物园
野生动物园,实例,北京野生动物园
中国,实例,万芳亭公园
旅游,实例,万芳亭公园
风景区,实例,万芳亭公园
景点,实例,万芳亭公园
万芳亭公园,实例,万芳亭公园
旅游,实例,古崖原始部落旅游度假区
人文景观,实例,古崖原始部落旅游度假区
原始部落,实例,古崖原始部落旅游度假区
旅游度假区,实例,古崖原始部落旅游度假区
崖居遗址,实例,古崖原始部落旅游度假区
中国,实例,南宫旅游景区
旅游,实例,南宫旅游景区
风景区,实例,南宫旅游景区
景点,实例,南宫旅游景区
南宫旅游景区,实例,南宫旅游景区
中国,实例,百泉山旅游区
旅游,实例,百泉山旅游区
风景区,实例,百泉山旅游区
景点,实例,百泉山旅游区
百泉山旅游区,实例,百泉山旅游区
娱乐,实例,北京顺鑫绿色度假村
休闲,实例,北京顺鑫绿色度假村
自然,实例,北京顺鑫绿色度假村
北京,实例,北京顺鑫绿色度假村
顺义,实例,北京顺鑫绿色度假村
高尔夫,实例,观澜湖
区域,实例,观澜湖
地方,实例,观澜湖
名胜,实例,观澜湖
地理位置,实例,观澜湖
艺术,实例,北京故宫博物院
文物,实例,北京故宫博物院
博物馆,实例,北京故宫博物院
历史文化,实例,北京故宫博物院
文化,实例,福建土楼
旅游,实例,福建土楼
建筑,实例,福建土楼
福建,实例,福建土楼
世界文化遗产,实例,福建土楼
旅游,实例,呀诺达雨林文化旅游区
海南,实例,呀诺达雨林文化旅游区
三亚,实例,呀诺达雨林文化旅游区
艺术馆,实例,韩美林艺术馆
重庆,实例,酉阳桃花源
景区,实例,酉阳桃花源
桃花源,实例,酉阳桃花源
酉阳,实例,酉阳桃花源
大酉洞,实例,酉阳桃花源
旅游,实例,京西十八潭
景点,实例,京西十八潭
自然景观,实例,京西十八潭
京西十八潭,实例,京西十八潭
北京,实例,北京蟹岛绿色生态度假村
度假,实例,北京蟹岛绿色生态度假村
茶园,实例,湖广会馆戏楼
戏楼,实例,湖广会馆戏楼
戏院,实例,湖广会馆戏楼
书场,实例,湖广会馆戏楼
旅游,实例,春晖园温泉度假村
酒店,实例,春晖园温泉度假村
度假村,实例,春晖园温泉度假村
国家森林公园,实例,鹫峰国家森林公园
公园,实例,通州运河公园
运河,实例,通州运河公园
通州,实例,通州运河公园
保健,实例,天龙源温泉度假村
度假,实例,天龙源温泉度假村
旅游,实例,中原大佛
景点,实例,中原大佛
河南,实例,中原大佛
温泉,实例,中原大佛
大佛,实例,中原大佛
旅游,实例,石花洞风景区
山脉,实例,石花洞风景区
香草,实例,北京紫海香堤香草艺术庄园
紫海香堤,实例,北京紫海香堤香草艺术庄园
旅游,实例,云峰山自然风景区
风景区,实例,云峰山自然风景区
山脉,实例,云峰山自然风景区
旅游景点,实例,深圳华侨城旅游度假区
度假区,实例,长隆旅游度假区
花卉,实例,北京国际鲜花港
鲜花,实例,北京国际鲜花港
景区,实例,湘潭韶山旅游区
旅游区,实例,湘潭韶山旅游区
景区,实例,丽江玉龙雪山景区
京郊旅游,实例,黄芩仙谷
北京景区,实例,黄芩仙谷
门头沟旅游,实例,黄芩仙谷
门头沟景区,实例,黄芩仙谷
爨柏景区,实例,黄芩仙谷
梅林归鹤,所属地区,西湖
黄山头镇,著名景点,黄山
芗他君石柱,文物收藏,故宫博物院
北京故宫博物院,中文名称,北京故宫博物院
北京故宫博物院,外文名称,the Palace Museum
北京故宫博物院,类别,综合性博物馆
北京故宫博物院,地点,中国北京
北京故宫博物院,竣工时间,1925年10月10日
传宋李唐文姬归汉图,文物原属,故宫
双松图歌,文物收藏,故宫博物院
泰山区,著名景点,泰山
酒泉钢铁（集团）有限责任公司,总部地点,嘉峪关
何贤公园,别名,香山公园
呀诺达雨林文化旅游区,中文名称,呀诺达雨林文化旅游区
呀诺达雨林文化旅游区,所属地区,海榆中线三亚至保亭方向18公里处
呀诺达雨林文化旅游区,规划面积,45平方公里
呀诺达雨林文化旅游区,景观区域,雨林谷和梦幻谷
郭沫若行书七言自作诗,文物原属,故宫
泉州道教,道教圣地,清源山
亲情较量,导演,黄山
匡裕,出生地,庐山
明王宠楷书送陈子龄会试诗,收藏,故宫博物院
熹平石经残石,拓片现藏,故宫博物院
蓬莱阁诗,作品出处,蓬莱阁
清笪重光行书拟白乐天放歌行轴,收藏,故宫博物院
黟山,现名,黄山
五台山佛教建筑群,中文名称,五台山
画云台山记,中文名称,云台山
宋米芾拜中岳命作,现藏,北京故宫博物院
琴岛之恋,拍摄地点,鼓浪屿
练霓裳,出生地,华山
崆峒镇,名胜古迹,崆峒山
南宋吴琚行书寿父帖页,文物收藏,北京故宫博物院
捐献大家孙瀛州,作者,故宫博物院
锦官,著名景点,九寨沟
乌鸦岭,所属地区,武当山
镜泊湖毛公山,所属地区,镜泊湖
汇泉公园,别名,中山公园
西津渡,编剧,庐山
尼寇,出生地,北京动物园
天下第四行书,收藏,故宫博物院
卜商帖,保存,北京故宫博物院
西涯,别名,什刹海
周之冕百花图卷,收藏,北京故宫博物院
汪士慎墨梅图卷,文物收藏,故宫博物院
李霖灿,职业,故宫博物院
鲒埼亭,所属地区,奉化
谪龙说,现藏,北京故宫博物院
释净东,出家地,九华山
丽江我行我宿客栈,总部地点,丽江古城
刁蛮俏御医,拍摄地点,横店影视城
康小伟,毕业院校,横店影视城
华云碧,出生地,华山
湘潭韶山旅游区,中文名称,湘潭韶山旅游区
湘潭韶山旅游区,所属地区,湖南省
湘潭韶山旅游区,地理位置,湖南省中部偏东
湘潭韶山旅游区,著名景点,雨湖公园、岱子山新石器时代遗址、云门寺
湘潭韶山旅游区,名人故居,齐白石故居、彭德怀故居
湘潭韶山旅游区,名胜古迹,玄帝宫、玉皇宫、观音宫、观音堂
湘潭韶山旅游区,特产,灯芯糕、紫油姜
佛道茶艺,形成地点,五台山
藏心术,拍摄地点,横店影视城
明徐渭草书七律诗轴,文物收藏,北京故宫博物院
游庐山,中文名称,庐山
诸上座草书卷,馆藏,故宫博物院
春帖子词,现藏,故宫博物院
被遗弃的秘密,拍摄地点,横店影视城
伊秉绶隶书五字横幅,文物收藏,北京故宫博物院
黎光村,著名景点,老君山
南宋陆游怀成都诗卷,馆藏,北京故宫博物院
康晓飞,经纪公司,横店影视城
究竟定：清宫藏密瑜伽修行宝典,作者,故宫博物院
幽篁戴胜图,文物收藏,故宫博物院
明沈度楷书敬斋箴页,收藏,故宫博物院
清玄烨行书初夏登楼临水诗轴,收藏,故宫博物院
青铜器修复及复制技艺,申报地区,故宫博物院
红螺寺传奇,其它译名,红螺寺
官式古建筑营造技艺,申报单位,故宫博物院
十界邪神2,作者,南山
清观鹏无量寿佛图,收藏,北京故宫博物院
宋亦阳,出生地,嘉峪关
